camera_matrix:
- - 1481.5902434087484
  - 0.0
  - 611.7598014929895
- - 0.0
  - 1476.4235516095644
  - 312.7975536633014
- - 0.0
  - 0.0
  - 1.0
distort_coeff:
- - 0.0173177084544386
  - 1.7392849341983256
  - -0.009931966665136011
  - -0.009420127694156528
  - -8.326219505022717
focal_px: 1.1554741386790286
rotation:
- - - -0.17036793429413025
  - - 0.22550309240730151
  - - 0.06383088251565207
- - - -0.19498293427057625
  - - 0.34546711772657124
  - - 0.06793148699708651
- - - -0.02840227727002737
  - - 0.35093121551626116
  - - 0.036302263995358866
- - - -0.48434504895523595
  - - -0.14683366830555186
  - - -0.012844806016219483
- - - 0.13529407416772862
  - - 0.38647066171335337
  - - 0.13230370879117012
- - - -0.33443101148279253
  - - -0.08684391684243475
  - - -6.258391068615635e-05
- - - -0.25099668734548347
  - - 0.19052570882437522
  - - -0.0018628438080439207
- - - -0.3278513078305237
  - - -0.2041778949633827
  - - -0.09497159294672633
- - - -0.1698002973554166
  - - 0.16547086765241983
  - - 0.040960148492933536
- - - -0.2636089069404031
  - - 0.08593064068612066
  - - 0.03528637186041173
- - - 0.2971601323311005
  - - 0.36350595783933504
  - - 0.10034507850031749
- - - 0.3101927426323759
  - - 0.37952763948049073
  - - 0.13375382824934562
- - - -0.4228981199462193
  - - 0.03473495761236916
  - - -0.09691810925379335
- - - -0.5511073829111635
  - - -0.011057341870465235
  - - -0.024476304956631025
- - - -0.09959599152527653
  - - 0.43134003618926525
  - - 0.025781417553886077
- - - -0.09295888815688005
  - - 0.35945846982707413
  - - -0.017508581814889065
- - - -0.14124062266981774
  - - 0.2081061109069474
  - - 0.15863787737528226
- - - -0.19556592369327921
  - - 0.09633840296805941
  - - 0.054940322876355224
- - - -0.16426411044074238
  - - 0.1357038283915906
  - - 0.10169138649973578
- - - -0.01864952305464555
  - - 0.41749656251519657
  - - 0.2975404110822279
transition:
- - - -0.5557646429830926
  - - -1.542887699833122
  - - 26.365628460669818
- - - 1.3477262406172759
  - - -0.03419964557297321
  - - 34.80084697465594
- - - -0.7552289141775239
  - - -1.6923292685797504
  - - 24.247858928341365
- - - -1.7715670811198254
  - - -1.1850585485110985
  - - 20.147171925966237
- - - 0.8950263186906847
  - - -1.754081697792699
  - - 26.429546931459733
- - - -2.247461263412068
  - - -1.1266421877186767
  - - 20.6803209699399
- - - -2.0947663581303466
  - - -0.8150602178899707
  - - 27.33976126114145
- - - -3.0493638359204898
  - - -0.182162868507945
  - - 24.29864043306544
- - - -2.356727967321735
  - - -1.3120326310946897
  - - 26.710957558052346
- - - -2.2172270661092934
  - - -1.180606841812149
  - - 26.719573099169963
- - - -2.212802500904382
  - - -2.7705756505637944
  - - 25.92930843027911
- - - -1.9809722517383601
  - - -2.834899462333222
  - - 25.811110546637018
- - - -5.599714064023283
  - - -0.739406527288927
  - - 28.207680984724224
- - - -3.6795671058694137
  - - 1.0012262443699804
  - - 28.507423192706245
- - - 0.45762259653664994
  - - -1.1977570929800332
  - - 30.92989277080863
- - - -2.434760028560627
  - - -1.3280125297106244
  - - 29.082132023508002
- - - -1.2906020132591383
  - - -2.772523977952634
  - - 27.710188889130045
- - - -3.098138720070177
  - - -1.9560950757870028
  - - 27.438322441946852
- - - -2.235074271567524
  - - -2.410309927195932
  - - 27.413259722779948
- - - 0.7648347879678528
  - - -3.0415019549671505
  - - 27.724405155851986
