camera_matrix:
- - 1481.5902434087484
  - 0.0
  - 611.7598014929895
- - 0.0
  - 1476.4235516095644
  - 312.7975536633014
- - 0.0
  - 0.0
  - 1.0
distort_coeff:
- - 0.0173177084544386
  - 1.7392849341983256
  - -0.009931966665136011
  - -0.009420127694156528
  - -8.326219505022717
focal_cm: 0.4136597416470922
focal_px: 1.1554741386790286
