camera_matrix:
- - 1423.7671536621283
  - 0.0
  - 670.227675169221
- - 0.0
  - 1422.1848901714804
  - 317.66522096174964
- - 0.0
  - 0.0
  - 1.0
distort_coeff:
- - 0.01486816666464857
  - 1.4367073334742275
  - -0.00823277430145841
  - 0.006183880641409141
  - -6.0101368463356355
focal_cm: 0.3979886061298562
focal_px: 1.1117000171225033
